,segment,Day,month,year,case_count
0,1,6.0,7.0,2019.0,4.424858438909239
1,1,7.0,7.0,2019.0,4.705894648607059
2,1,8.0,7.0,2019.0,7.294827946960579
3,1,9.0,7.0,2019.0,9.54477293078876
4,1,10.0,7.0,2019.0,22.054524926106932
5,1,11.0,7.0,2019.0,20.366094701397675
6,1,12.0,7.0,2019.0,23.206773352119548
7,1,13.0,7.0,2019.0,19.456690135568866
8,1,14.0,7.0,2019.0,19.395312976607748
9,1,15.0,7.0,2019.0,11.79256223439279
10,1,16.0,7.0,2019.0,14.43074124875167
11,1,17.0,7.0,2019.0,22.857021028673426
12,1,18.0,7.0,2019.0,21.302982825665804
13,1,19.0,7.0,2019.0,23.864533096132078
14,1,20.0,7.0,2019.0,17.206277316653416
15,1,21.0,7.0,2019.0,18.749067971664417
16,1,22.0,7.0,2019.0,14.304572747131344
17,1,23.0,7.0,2019.0,11.0450016275161
18,1,24.0,7.0,2019.0,20.42901549065148
19,1,25.0,7.0,2019.0,19.537760220413688
20,1,26.0,7.0,2019.0,18.237738397891487
21,1,27.0,7.0,2019.0,19.00316744574349
22,1,28.0,7.0,2019.0,22.01530196371945
23,1,29.0,7.0,2019.0,12.829696038388581
24,1,30.0,7.0,2019.0,14.502551761687423
25,1,31.0,7.0,2019.0,50.0074778229877
26,1,1.0,8.0,2019.0,43.507125006581326
27,1,2.0,8.0,2019.0,36.3901407480177
28,1,3.0,8.0,2019.0,46.94254750458657
29,1,4.0,8.0,2019.0,50.45109650591843
30,1,5.0,8.0,2019.0,0.8026738300149405
31,1,6.0,8.0,2019.0,5.330387407546994
32,1,7.0,8.0,2019.0,5.47053100582214
33,1,8.0,8.0,2019.0,8.925004050131816
34,1,9.0,8.0,2019.0,9.572801609901402
35,1,10.0,8.0,2019.0,21.64826037598917
36,1,11.0,8.0,2019.0,19.450136861505932
37,1,12.0,8.0,2019.0,16.93671356695338
38,1,13.0,8.0,2019.0,21.132926185651304
39,1,14.0,8.0,2019.0,21.051409749593336
40,1,15.0,8.0,2019.0,14.697015232334206
41,1,16.0,8.0,2019.0,17.597041659743994
42,1,17.0,8.0,2019.0,24.78364371053431
43,1,18.0,8.0,2019.0,20.977510988722216
44,1,19.0,8.0,2019.0,19.388812592289383
45,1,20.0,8.0,2019.0,21.853984576787134
46,1,21.0,8.0,2019.0,22.48555393378795
47,1,22.0,8.0,2019.0,18.464683508447298
48,1,23.0,8.0,2019.0,14.389614853678285
49,1,24.0,8.0,2019.0,22.684329854698543
50,1,25.0,8.0,2019.0,18.616101917471916
51,1,26.0,8.0,2019.0,16.42441331330268
52,1,27.0,8.0,2019.0,21.88686135887879
53,1,28.0,8.0,2019.0,24.7943467947767
54,1,29.0,8.0,2019.0,19.376408759971508
55,1,30.0,8.0,2019.0,15.30361790070359
56,1,31.0,8.0,2019.0,54.04127866723834
57,1,1.0,9.0,2019.0,43.507125006581326
58,1,2.0,9.0,2019.0,36.3901407480177
59,1,3.0,9.0,2019.0,47.06256123684704
60,1,4.0,9.0,2019.0,50.74580504076448
61,1,5.0,9.0,2019.0,1.6244057176515299
62,1,6.0,9.0,2019.0,5.244987553127928
63,1,7.0,9.0,2019.0,5.887773814586532
64,1,8.0,9.0,2019.0,9.111867861190769
65,1,9.0,9.0,2019.0,8.738417707338677
66,1,10.0,9.0,2019.0,20.726696697673347
67,1,11.0,9.0,2019.0,19.69739958357945
68,1,12.0,9.0,2019.0,26.77279931856687
69,1,13.0,9.0,2019.0,20.188709521452235
70,1,14.0,9.0,2019.0,21.976614722162573
71,1,15.0,9.0,2019.0,16.976303988618533
72,1,16.0,9.0,2019.0,13.519057722051759
73,1,17.0,9.0,2019.0,24.851506110394745
74,1,18.0,9.0,2019.0,21.201135464934545
75,1,19.0,9.0,2019.0,25.960609413648534
76,1,20.0,9.0,2019.0,19.247128506041587
77,1,21.0,9.0,2019.0,20.564293873299917
78,1,22.0,9.0,2019.0,19.73252753414354
79,1,23.0,9.0,2019.0,9.931401943044884
80,1,24.0,9.0,2019.0,20.547758918246373
81,1,25.0,9.0,2019.0,20.032705353325028
82,1,26.0,9.0,2019.0,17.230649463181045
83,1,27.0,9.0,2019.0,20.74578903212041
84,1,28.0,9.0,2019.0,21.788627594693313
85,1,29.0,9.0,2019.0,17.160724591944835
86,1,30.0,9.0,2019.0,16.106195417528816
87,2,24.0,7.0,2019.0,1974.907476683487
88,2,25.0,7.0,2019.0,1377.0018149585344
89,2,26.0,7.0,2019.0,1206.4583085284603
90,2,27.0,7.0,2019.0,1382.0908247557506
91,2,28.0,7.0,2019.0,806.634850302776
92,2,29.0,7.0,2019.0,487.5296036288702
93,2,30.0,7.0,2019.0,95.48217813443006
94,2,31.0,7.0,2019.0,91.45809339516694
95,2,1.0,8.0,2019.0,509.0373324420676
96,2,2.0,8.0,2019.0,538.8404224807703
97,2,3.0,8.0,2019.0,421.2822383099358
98,2,4.0,8.0,2019.0,177.43697566812276
99,2,5.0,8.0,2019.0,304.83692299614023
100,2,6.0,8.0,2019.0,301.43675075504996
101,2,7.0,8.0,2019.0,183.29887913883505
102,2,8.0,8.0,2019.0,278.66232622116445
103,2,9.0,8.0,2019.0,295.14145549814816
104,2,10.0,8.0,2019.0,450.5720761623996
105,2,11.0,8.0,2019.0,432.6669632005851
106,2,12.0,8.0,2019.0,1048.339401810062
107,2,13.0,8.0,2019.0,1290.5065158036407
108,2,14.0,8.0,2019.0,1520.7271723305935
109,2,15.0,8.0,2019.0,2123.5338852963773
110,2,16.0,8.0,2019.0,1582.248469493656
111,2,17.0,8.0,2019.0,2232.673973052919
112,2,18.0,8.0,2019.0,1680.5977763053504
113,2,19.0,8.0,2019.0,1780.5332333034407
114,2,20.0,8.0,2019.0,1742.714189819684
115,2,21.0,8.0,2019.0,1153.326629281666
116,2,22.0,8.0,2019.0,1687.2174805866648
117,2,23.0,8.0,2019.0,1529.7289755816073
118,2,24.0,8.0,2019.0,1584.8498106293403
119,2,25.0,8.0,2019.0,1291.4335411799057
120,2,26.0,8.0,2019.0,907.7057256150712
121,2,27.0,8.0,2019.0,1130.2690439259743
122,2,28.0,8.0,2019.0,899.2925526107881
123,2,29.0,8.0,2019.0,748.4843797024699
124,2,30.0,8.0,2019.0,232.8826905039405
125,2,31.0,8.0,2019.0,87.20793537976473
126,2,1.0,9.0,2019.0,483.1826859668109
127,2,2.0,9.0,2019.0,539.9372061790979
128,2,3.0,9.0,2019.0,411.6730616924357
129,2,4.0,9.0,2019.0,168.54220546610253
130,2,5.0,9.0,2019.0,310.8486794161908
131,2,6.0,9.0,2019.0,294.6297245035237
132,2,7.0,9.0,2019.0,176.15313788009374
133,2,8.0,9.0,2019.0,279.855327830666
134,2,9.0,9.0,2019.0,297.63026430045693
135,2,10.0,9.0,2019.0,466.3688388416278
136,2,11.0,9.0,2019.0,1625.6211271130826
137,2,12.0,9.0,2019.0,1002.5812756509057
138,2,13.0,9.0,2019.0,1541.6455761877014
139,2,14.0,9.0,2019.0,1401.4305072522504
140,2,15.0,9.0,2019.0,2283.1607999843723
141,2,16.0,9.0,2019.0,887.4445799755798
142,2,17.0,9.0,2019.0,2173.1075047183213
143,2,18.0,9.0,2019.0,1710.3043064092763
144,2,19.0,9.0,2019.0,2086.100226846685
145,2,20.0,9.0,2019.0,1828.187864398923
146,2,21.0,9.0,2019.0,1261.3019679695947
147,2,22.0,9.0,2019.0,1802.1988129321803
148,2,23.0,9.0,2019.0,934.7204542846682
149,2,24.0,9.0,2019.0,1643.9232039364579
150,2,25.0,9.0,2019.0,1802.3083489452588
151,2,26.0,9.0,2019.0,2026.7202214386923
152,2,27.0,9.0,2019.0,1534.3859599126374
153,2,28.0,9.0,2019.0,1146.2708908836264
154,2,29.0,9.0,2019.0,421.160642173573
155,2,30.0,9.0,2019.0,60.902699175824154
156,2,1.0,10.0,2019.0,495.964474882002
157,2,2.0,10.0,2019.0,530.7932822321299
158,2,3.0,10.0,2019.0,411.8400722260197
159,2,4.0,10.0,2019.0,171.13543995383705
160,2,5.0,10.0,2019.0,325.5280997540229
161,2,6.0,10.0,2019.0,306.7795205963198
162,2,7.0,10.0,2019.0,175.42359941855528
163,2,8.0,10.0,2019.0,284.43510730119556
164,2,9.0,10.0,2019.0,337.6238303732731
165,2,10.0,10.0,2019.0,465.3393339318919
166,2,11.0,10.0,2019.0,1782.4508298795129
167,2,12.0,10.0,2019.0,1637.9635342705535
168,2,13.0,10.0,2019.0,2066.4950156053105
169,2,14.0,10.0,2019.0,1033.2172842329219
170,2,15.0,10.0,2019.0,1928.053237544833
171,2,16.0,10.0,2019.0,1487.8596400923645
172,2,17.0,10.0,2019.0,1585.641673792049
173,2,18.0,10.0,2019.0,1142.6788615586622
174,2,19.0,10.0,2019.0,686.5738870208739
175,2,20.0,10.0,2019.0,1349.3552090582273
176,2,21.0,10.0,2019.0,850.3044003741358
177,2,22.0,10.0,2019.0,2077.4628345915776
178,2,23.0,10.0,2019.0,1103.2195818372802
179,2,24.0,10.0,2019.0,1399.449117684345
